[22 25 27 28 30 31 32 29] safe
[72 74 75 77 80 81 81] safe
[52 53 55 58 59 63] safe
[14 17 19 22 27] safe
[65 68 67 68 71 73 76 77] safe
[53 56 53 55 54] unsafe
[60 62 59 62 62] unsafe
[27 30 28 31 32 35 39] unsafe
[64 67 68 71 74 71 74 81] unsafe
[29 32 32 33 36 39 40] safe
[72 74 74 75 74] unsafe
[11 14 14 17 17] unsafe
[64 65 67 70 72 72 76] unsafe
[77 79 80 80 82 89] unsafe
[45 47 49 53 54] safe
[13 16 18 22 23 25 27 24] unsafe
[16 17 18 19 20 21 25 25] unsafe
[25 26 30 32 34 35 36 40] unsafe
[45 48 52 54 56 62] unsafe
[51 52 54 56 59 64 66 68] safe
[14 16 17 22 23 22] unsafe
[27 28 34 35 35] unsafe
[76 77 78 80 85 88 92] unsafe
[72 74 79 80 81 88] unsafe
[63 62 65 66 69 70 72] unsafe
[87 84 87 89 88] unsafe
[41 40 42 43 45 46 46] unsafe
[7 4 7 8 12] unsafe
[86 83 85 88 90 96] unsafe
[24 21 22 24 26 28 27 28] unsafe
[25 24 22 24 25 23] unsafe
[37 36 38 39 37 39 39] unsafe
[78 77 80 79 80 82 86] unsafe
[32 30 33 35 34 35 42] unsafe
[70 68 70 73 73 76] unsafe
[60 58 59 60 61 61 59] unsafe
[85 83 86 86 86] unsafe
[3 1 1 2 4 8] unsafe
[21 18 19 19 26] unsafe
[59 56 57 59 63 64] unsafe
[48 45 47 48 52 53 50] unsafe
[43 40 44 47 49 52 52] unsafe
[48 45 47 51 55] unsafe
[54 51 52 54 57 58 62 67] unsafe
[21 19 20 22 29 31] unsafe
[32 29 31 34 39 41 44 41] unsafe
[47 46 48 49 54 57 57] unsafe
[77 74 77 82 86] unsafe
[47 44 45 51 54 60] unsafe
[55 55 57 58 59 62 65 68] unsafe
[40 40 41 44 41] unsafe
[45 45 47 48 50 50] unsafe
[77 77 80 81 83 85 89] unsafe
[28 28 30 31 38] unsafe
[88 88 89 88 90 93] unsafe
[31 31 34 36 34 35 37 35] unsafe
[31 31 34 36 33 33] unsafe
[49 49 47 48 49 53] unsafe
[69 69 72 73 71 76] unsafe
[91 91 94 96 96 99] unsafe
[65 65 65 68 70 71 68] unsafe
[50 50 51 52 52 55 58 58] unsafe
[75 75 78 79 79 83] unsafe
[6 6 8 10 10 13 16 21] unsafe
[43 43 46 47 51 52 54] unsafe
[11 11 13 16 19 22 26 24] unsafe
[76 76 77 80 84 84] unsafe
[19 19 23 24 27 31] unsafe
[8 8 10 12 15 19 26] unsafe
[71 71 76 79 80] unsafe
[12 12 15 17 24 25 24] unsafe
[8 8 9 10 11 12 19 19] unsafe
[74 74 76 83 85 89] unsafe
[65 65 67 73 74 75 78 85] unsafe
[23 27 30 32 33] safe
[70 74 75 78 75] unsafe
[7 11 12 13 14 17 17] unsafe
[66 70 71 74 78] unsafe
[61 65 68 71 76] unsafe
[1 5 4 7 9 10 11] unsafe
[47 51 53 54 55 53 54 51] unsafe
[56 60 63 64 66 64 67 67] unsafe
[36 40 43 41 42 44 48] unsafe
[81 85 83 85 92] unsafe
[69 73 73 75 78 81 82] unsafe
[37 41 44 44 47 48 45] unsafe
[41 45 45 48 49 51 51] unsafe
[43 47 47 49 51 55] unsafe
[36 40 40 41 42 49] unsafe
[71 75 76 79 83 84 86 89] unsafe
[10 14 15 19 20 17] unsafe
[15 19 21 25 25] unsafe
[1 5 8 10 12 13 17 21] unsafe
[73 77 80 84 89] unsafe
[7 11 14 17 18 25 27] unsafe
[53 57 64 67 68 67] unsafe
[50 54 55 56 62 62] unsafe
[31 35 36 39 42 48 51 55] unsafe
[35 39 42 45 48 54 60] unsafe
[21 27 29 30 31] safe
[40 47 48 50 48] unsafe
[68 75 77 78 79 80 81 81] unsafe
[19 24 26 28 31 34 38] unsafe
[72 79 82 85 92] unsafe
[51 57 55 56 57 59 62 63] unsafe
[83 90 92 93 96 99 98 97] unsafe
[10 16 14 16 16] unsafe
[34 41 40 43 46 50] unsafe
[70 75 76 79 77 79 86] unsafe
[42 47 47 50 53 55 56 58] unsafe
[54 61 62 63 66 66 68 67] unsafe
[2 7 7 8 9 9] unsafe
[71 78 78 80 84] unsafe
[78 84 86 89 89 92 98] unsafe
[10 17 19 23 24 25] unsafe
[37 44 47 48 52 53 55 52] unsafe
[74 79 80 81 82 86 87 87] unsafe
[6 11 13 16 17 21 25] unsafe
[68 73 74 78 80 82 85 91] unsafe
[35 41 44 49 50] unsafe
[18 25 26 29 34 36 39 37] unsafe
[66 73 75 78 79 85 85] unsafe
[61 67 69 75 79] unsafe
[49 54 55 62 63 70] unsafe
[99 96 94 91 90 87 88] safe
[85 84 81 80 79 78 78] safe
[25 22 21 19 16 12] safe
[43 42 41 40 38 32] safe
[27 24 27 24 21] safe
[27 24 22 20 18 16 18 20] unsafe
[61 60 59 58 61 59 59] unsafe
[31 29 31 28 25 21] unsafe
[40 37 35 38 35 33 30 25] unsafe
[87 85 83 83 82 79] safe
[48 45 44 41 41 44] unsafe
[73 72 71 71 71] unsafe
[61 59 58 58 54] unsafe
[19 16 15 15 12 11 4] unsafe
[46 43 40 39 38 34 33 30] safe
[58 57 53 51 54] unsafe
[60 58 54 52 51 50 50] unsafe
[51 50 46 44 42 38] unsafe
[38 36 33 29 27 25 22 15] unsafe
[48 46 44 38 36] safe
[40 39 37 35 34 29 26 28] unsafe
[50 49 48 41 38 37 34 34] unsafe
[65 64 61 54 51 50 46] unsafe
[22 20 17 14 13 8 1] unsafe
[83 84 82 80 78 75 74] unsafe
[14 16 13 10 9 6 8] unsafe
[26 29 28 25 22 20 17 17] unsafe
[12 14 11 9 7 3] unsafe
[67 69 67 65 59] unsafe
[9 10 13 11 9 8] unsafe
[15 18 17 19 18 20] unsafe
[39 40 37 39 39] unsafe
[27 30 27 26 27 26 25 21] unsafe
[57 60 59 57 55 52 55 48] unsafe
[31 34 31 31 28] unsafe
[45 47 46 45 44 44 45] unsafe
[48 50 48 48 46 43 42 42] unsafe
[53 56 53 53 52 48] unsafe
[43 45 45 42 37] unsafe
[23 26 22 20 18 16 13] unsafe
[32 33 31 29 26 23 19 20] unsafe
[41 43 42 40 36 36] unsafe
[49 51 49 47 43 39] unsafe
[15 17 15 11 10 5] unsafe
[71 74 69 67 66] unsafe
[51 54 49 47 44 46] unsafe
[76 78 75 73 66 66] unsafe
[74 75 68 66 63 61 57] unsafe
[94 95 92 86 85 78] unsafe
[51 51 48 45 44] safe
[43 43 40 37 36 34 37] unsafe
[78 78 77 75 73 71 70 70] unsafe
[15 15 14 12 8] unsafe
[50 50 47 45 44 41 35] unsafe
[88 88 89 87 85 83 82] unsafe
[42 42 39 41 42] unsafe
[91 91 90 88 91 91] unsafe
[51 51 50 48 50 48 44] unsafe
[50 50 48 46 47 44 43 37] unsafe
[93 93 91 91 90 89 87] unsafe
[6 6 6 5 7] unsafe
[97 97 97 95 92 92] unsafe
[28 28 27 26 26 23 19] unsafe
[15 15 15 12 5] unsafe
[38 38 37 35 31 28 27 25] unsafe
[27 27 25 22 18 20] unsafe
[18 18 16 12 12] unsafe
[34 34 31 27 23] unsafe
[16 16 15 11 4] unsafe
[50 50 43 41 40] unsafe
[67 67 64 63 57 59] unsafe
[91 91 89 83 83] unsafe
[21 21 18 12 10 9 5] unsafe
[73 73 68 67 64 57] unsafe
[97 93 92 90 88 87 84] safe
[17 13 10 7 4 7] unsafe
[78 74 71 68 68] unsafe
[51 47 45 42 40 38 34] unsafe
[26 22 21 20 14] unsafe
[95 91 92 90 87] unsafe
[38 34 32 31 33 35] unsafe
[55 51 48 49 47 46 46] unsafe
[79 75 72 69 71 69 65] unsafe
[70 66 64 63 66 61] unsafe
[45 41 41 40 38] unsafe
[39 35 35 32 31 29 31] unsafe
[6 2 2 1 1] unsafe
[32 28 26 24 24 20] unsafe
[90 86 86 85 79] unsafe
[80 76 73 71 67 66] unsafe
[31 27 23 20 18 20] unsafe
[72 68 66 64 60 59 56 56] unsafe
[20 16 12 10 6] unsafe
[72 68 67 63 60 59 53] unsafe
[92 88 85 84 78 75 73] unsafe
[36 32 30 24 23 20 21] unsafe
[75 71 69 66 63 57 55 55] unsafe
[98 94 92 86 85 81] unsafe
[74 70 67 60 57 55 52 47] unsafe
[48 42 39 38 37 34 31 30] safe
[88 83 81 78 76 77] unsafe
[15 8 5 2 1 1] unsafe
[75 70 69 67 65 63 59] unsafe
[69 64 61 60 57 56 49] unsafe
[45 39 36 39 36 33 30 27] unsafe
[60 55 56 54 52 49 47 49] unsafe
[64 58 57 58 58] unsafe
[82 75 72 71 72 70 67 63] unsafe
[26 19 16 19 17 15 9] unsafe
[26 20 18 15 15 12] unsafe
[54 49 46 45 45 44 47] unsafe
[18 12 9 9 7 7] unsafe
[22 16 15 15 11] unsafe
[74 69 67 67 61] unsafe
[76 70 66 63 60] unsafe
[18 13 12 10 7 5 1 3] unsafe
[48 41 37 36 35 32 32] unsafe
[52 47 46 42 41 40 36] unsafe
[84 79 76 73 69 67 65 60] unsafe
[51 46 43 37 35 34] unsafe
[28 22 21 19 14 16] unsafe
[32 27 26 19 19] unsafe
[93 88 85 83 76 72] unsafe
[53 47 44 37 30] unsafe
[5 7 8 11 11 15] unsafe
[25 24 27 27 26] unsafe
[84 86 85 84 80 79 77] unsafe
[44 45 43 40 37 33] unsafe
[17 14 16 13 6] unsafe
[27 27 34 36 39 42 40] unsafe
[36 42 45 46 51] unsafe
[61 54 53 50 48] safe
[58 58 60 64 65 68 72] unsafe
[75 78 77 74 74] unsafe
[75 75 72 71 70 70 64] unsafe
[55 55 52 49 43 41 36] unsafe
[84 83 80 81 80] safe
[69 73 74 76 75 79] unsafe
[87 80 82 79 79] unsafe
[48 51 50 53 55 53] unsafe
[83 80 82 88 93] unsafe
[74 74 73 70 68 67 63] unsafe
[66 65 66 67 70 74 77] unsafe
[14 14 11 9 6 3 2 1] safe
[22 22 26 28 31 33 36 36] unsafe
[65 65 69 71 72] unsafe
[58 58 51 48 45 43 42 42] unsafe
[89 88 89 90 93 93] unsafe
[8 15 19 22 24 24] unsafe
[35 39 40 45 44] unsafe
[80 86 88 90 91 92 93] safe
[41 42 39 37 34 35] unsafe
[72 65 62 61 57] unsafe
[84 88 90 89 94] unsafe
[24 26 26 24 23 22 21 21] unsafe
[61 57 57 55 54 51 50 46] unsafe
[15 15 15 14 10] unsafe
[59 55 51 50 47 45 42] unsafe
[89 88 86 83 80 77 70] safe
[69 72 75 79 82 84 86 93] unsafe
[23 25 27 29 34 35 38 39] safe
[11 11 12 12 13 13] unsafe
[47 43 45 44 42 39 35] unsafe
[31 38 41 44 47 50 50] unsafe
[27 25 20 17 15 13] safe
[86 82 81 75 73 76] unsafe
[53 52 50 51 52 54 58] unsafe
[87 90 91 92 96 93] unsafe
[58 58 58 55 54 53 53] unsafe
[23 22 21 20 20 19 12] unsafe
[5 5 8 9 12 14 15] unsafe
[29 33 37 38 42] unsafe
[57 52 48 47 44 41 39 40] unsafe
[94 87 85 83 82 78 75 69] unsafe
[89 91 90 84 83] unsafe
[31 34 35 35 41] unsafe
[96 89 88 87 85 87 84] unsafe
[16 16 18 15 13 11 11] unsafe
[37 38 41 44 44 45] safe
[49 47 50 53 56 63] unsafe
[31 29 27 26 23 19 18] safe
[38 39 42 45 47 49 52 57] safe
[70 76 79 83 84 85 89] unsafe
[42 42 43 44 45 46 50 48] unsafe
[62 63 62 64 65] safe
[82 81 78 77 73 66] unsafe
[34 34 28 25 24] unsafe
[41 41 43 41 38 34] unsafe
[16 14 13 13 11 8 7] safe
[19 19 14 11 8 4] unsafe
[78 71 68 68 65 64 65] unsafe
[85 89 93 95 96] unsafe
[16 21 23 25 28 30 34] unsafe
[18 14 10 9 6 5 6] unsafe
[8 3 3 2 1] unsafe
[24 28 29 30 33 38 39] unsafe
[57 54 57 55 57] unsafe
[11 11 13 10 10] unsafe
[66 65 67 73 76 77 77] unsafe
[3 7 10 13 16 20] unsafe
[2 6 8 9 11 12 15 16] safe
[67 67 67 68 65] unsafe
[67 62 61 60 59 59 59] unsafe
[11 15 15 17 17] unsafe
[18 19 17 15 14 8 5 8] unsafe
[4 4 4 7 9 11 13 19] unsafe
[31 27 26 25 22 22 17] unsafe
[58 59 60 64 67 67] unsafe
[81 88 90 90 91 97] unsafe
[31 31 32 38 41] unsafe
[28 26 28 30 31 29 30 36] unsafe
[29 29 31 34 40 44] unsafe
[33 30 29 28 26 22 22] unsafe
[93 89 88 86 85 79 78 73] unsafe
[68 72 75 78 80 86 86] unsafe
[85 86 89 93 95] safe
[47 49 46 45 44 45 41] unsafe
[74 73 75 76 73] unsafe
[38 38 39 40 41 46 48 55] unsafe
[54 54 55 57 58 60 60] unsafe
[48 53 59 60 58] unsafe
[91 96 94 96 95] unsafe
[78 81 78 77 77 75 68] unsafe
[34 28 30 27 23] unsafe
[85 81 76 73 73] unsafe
[30 24 21 16 18] unsafe
[12 17 18 21 25 26] unsafe
[88 85 86 89 91 95] unsafe
[36 40 42 40 41 39] unsafe
[16 16 14 11 12 9 6 4] unsafe
[59 59 57 53 52 51 45] unsafe
[44 40 37 33 30 28 25 25] unsafe
[28 28 31 31 34 37 39 40] unsafe
[57 51 48 44 41 39 38 35] unsafe
[44 37 32 30 27 27] unsafe
[1 2 3 6 5 5] unsafe
[84 77 74 72 71 69 69] unsafe
[44 42 40 37 36] safe
[60 57 54 52 51] safe
[46 49 52 55 56 58 60 62] safe
[42 45 47 50 51 54 55] safe
[61 60 58 57 55] safe
[28 30 31 34 36 39] safe
[35 33 30 28 27 24] safe
[17 18 19 20 23 25 27] safe
[92 89 87 84 82 80] safe
[72 75 77 80 83 86 87 90] safe
[86 85 82 79 78 77 75 74] safe
[24 23 21 18 15] safe
[35 36 38 41 43 44] safe
[37 40 43 46 48 49 52 53] safe
[74 71 70 68 67 66] safe
[73 72 70 69 66 64 63 62] safe
[21 18 17 15 13 10] safe
[97 96 95 93 91 89] safe
[80 83 86 89 92 94 97] safe
[13 10 8 7 6 5 3 1] safe
[3 5 7 10 13] safe
[12 13 14 15 17 20 23] safe
[22 21 18 15 14] safe
[45 44 41 40 39 36 33 30] safe
[92 91 89 87 84 83 81 78] safe
[80 77 74 71 68 65 64 61] safe
[76 75 72 69 67 64 61 59] safe
[74 71 69 68 65] safe
[3 5 6 9 10 12 15 16] safe
[67 69 70 71 74 76 79] safe
[59 58 56 55 53 52 50 48] safe
[54 51 49 46 43 42] safe
[68 70 72 74 77] safe
[89 88 87 84 83 80 77 75] safe
[16 14 13 10 9 6 4] safe
[32 29 26 23 20] safe
[46 43 41 39 38] safe
[90 93 94 96 97] safe
[82 80 79 76 74] safe
[87 85 84 82 80 77] safe
[29 31 32 35 38 40 43] safe
[32 34 37 39 41] safe
[30 29 27 24 21] safe
[70 73 74 77 80 82 84 87] safe
[7 10 12 13 16 19 20] safe
[47 48 49 51 52 53] safe
[68 69 71 73 74 75 76] safe
[66 69 70 72 73 76 79] safe
[19 22 25 27 28 31 33] safe
[13 10 7 5 2] safe
[3 6 7 8 11 13 16 17] safe
[27 28 31 34 37 40 42 43] safe
[49 52 55 56 59 60 61 63] safe
[74 73 70 68 66 65] safe
[53 54 57 60 63 64] safe
[98 97 95 94 91 90 88 87] safe
[50 53 56 57 59 60 63] safe
[36 38 39 41 43 46 47 49] safe
[82 81 80 79 78 75] safe
[3 5 7 9 11 12 13] safe
[46 47 49 50 52 54 57 59] safe
[20 21 22 23 24 26 27 29] safe
[44 42 39 36 34 33 30 28] safe
[50 53 54 55 58 60] safe
[78 75 73 70 67] safe
[30 27 26 24 23 21 18] safe
[34 33 31 29 27 26] safe
[70 69 68 66 64 63 62] safe
[65 64 63 62 61] safe
[47 44 41 38 35 33 30 28] safe
[70 68 65 64 63 60] safe
[40 37 35 33 31 28 26 25] safe
[37 39 42 43 44] safe
[15 18 19 21 23] safe
[52 51 48 47 45 42 39] safe
[48 45 43 41 38 37 34 33] safe
[36 39 42 43 45 48 51 52] safe
[78 76 75 73 72 69] safe
[43 40 37 34 32 29 28] safe
[11 12 15 16 18 20 23 24] safe
[68 71 74 75 77] safe
[18 21 23 26 28 29] safe
[50 49 46 43 42] safe
[35 33 32 31 28 26 25] safe
[11 12 13 15 17] safe
[22 19 16 14 13 11 10] safe
[96 95 93 91 89 86] safe
[20 17 16 13 12 9 6] safe
[75 73 71 69 66 63 61 59] safe
[55 57 58 61 64 65 67] safe
[56 54 51 48 46] safe
[87 89 90 93 94 97] safe
[98 96 94 91 89 87 85 82] safe
[92 90 88 87 85] safe
[48 49 52 55 57 59 60 61] safe
[34 35 36 37 39 41 43] safe
[64 62 61 59 58 57] safe
[16 19 21 24 26] safe
[90 91 93 94 97 98] safe
[71 72 73 76 77 79] safe
[56 58 61 62 64 65] safe
[14 12 9 8 7 5] safe
[1 2 3 5 8 9 10] safe
[65 67 70 72 74 77] safe
[35 38 40 42 43] safe
[21 20 17 16 15 12 10 8] safe
[1 4 6 7 10 11 14] safe
[3 5 7 8 10] safe
[79 80 82 85 86 88 91 92] safe
[35 38 41 44 47 48 50] safe
[20 17 16 15 14 13 10] safe
[17 19 21 22 23] safe
[38 40 43 44 45] safe
[38 39 42 45 48 50 53] safe
[93 91 90 87 85 83] safe
[25 23 21 19 18 17] safe
[26 27 28 30 33 36 38] safe
[48 45 44 42 40] safe
[50 48 45 44 42 40 37 36] safe
[56 57 59 60 63 64] safe
[34 31 30 29 27 24 23] safe
[80 81 84 87 88 90 91] safe
[42 41 38 36 35 33 31 29] safe
[28 31 34 36 39 40 42] safe
[15 13 12 9 7] safe
[64 65 68 69 71 72] safe
[51 48 47 45 42 40] safe
[48 45 43 40 38 37] safe
[31 30 29 27 25] safe
[24 26 28 29 31 33 34] safe
[14 17 18 20 23 25 26 28] safe
[90 91 92 94 96 99] safe
[4 5 6 8 10 11 14] safe
[24 22 19 17 16 15] safe
[54 57 58 60 63 64 65] safe
[34 37 39 40 42 44 47 49] safe
[46 45 44 42 40] safe
[20 18 16 14 13 10 8] safe
[64 66 67 70 72] safe
[97 95 94 93 91] safe
[48 45 43 42 39 38] safe
[28 26 24 22 19 16 14 11] safe
[16 18 19 21 23 26] safe
[50 52 53 56 59] safe
[79 78 76 73 71 69] safe
[46 48 50 51 52 55 57 60] safe
[43 44 46 48 51 54 55 56] safe
[40 37 36 35 34 31] safe
[83 82 79 76 75 73] safe
[57 60 61 64 65 68 71] safe
[2 4 7 8 11 13 16] safe
[20 18 16 15 13 10 7 5] safe
[57 56 55 52 50] safe
[65 68 70 71 74 76 79] safe
[4 7 10 12 15 17 19 21] safe
[59 57 56 54 51] safe
[58 59 62 63 66] safe
[22 19 17 16 13] safe
[55 56 57 60 63] safe
[23 26 27 30 31 32 35 36] safe
[17 16 14 13 11 10] safe
[60 58 55 52 51 48 47 46] safe
[85 88 89 90 92 94] safe
[20 18 17 14 11] safe
[80 83 84 87 88 90 91] safe
[30 27 25 23 20 17] safe
[30 31 33 36 39 42 43] safe
[43 45 48 50 53 54 56] safe
[50 48 47 46 43 40 39 38] safe
[47 49 50 53 55] safe
[38 37 36 34 33] safe
[53 54 55 57 58 60 63] safe
[99 96 94 92 90] safe
[77 78 80 83 84 86] safe
[33 35 36 38 40 42 45] safe
[54 57 59 61 62] safe
[61 58 57 56 55 52 50] safe
[17 18 20 23 26] safe
[44 46 47 50 53 56 57] safe
[50 47 44 41 38 37 36] safe
[33 31 30 28 25 23 22] safe
[40 37 35 34 31] safe
[32 34 35 36 38] safe
[64 62 61 58 56 53] safe
[33 36 38 40 42 44 47 50] safe
[22 19 16 14 11 9 8 6] safe
[53 55 57 58 61 63 65] safe
[85 82 81 80 78 76 73 70] safe
[33 34 35 37 38 41 43 45] safe
[17 14 11 9 7 4] safe
[59 56 55 54 52 49 47] safe
[47 48 49 51 53 56 57] safe
[54 51 49 46 45 43 41 40] safe
[35 32 29 28 25 22 19] safe
[38 40 41 42 45] safe
[71 68 65 64 63] safe
[27 28 30 32 33 36 39 42] safe
[39 41 44 46 49 50] safe
[55 58 59 62 65 68 69] safe
[41 38 35 33 30 28 25 23] safe
[51 52 55 57 58 61 63] safe
[52 53 55 56 59 62 64] safe
[18 20 21 24 25 28 30 31] safe
[48 47 44 41 40 37] safe
[96 94 91 90 87 84 81] safe
[20 18 17 16 14 13 11] safe
[83 86 88 89 90 93 95] safe
[58 57 56 54 52 49 46 43] safe
[62 63 64 66 69 70 72 73] safe
[77 74 73 70 69] safe
[97 95 92 91 89] safe
[11 13 14 16 18 21 23 26] safe
[40 42 45 47 50 53 54 57] safe
[9 8 7 5 3 2] safe
[18 16 14 12 11 8] safe
[28 31 34 37 39] safe
[53 50 47 46 43] safe
[78 81 84 87 89 90 92 93] safe
[40 39 36 35 33] safe
[75 73 72 69 68 66 63] safe
[81 83 86 88 91 92] safe
[19 20 23 25 26 27 29 31] safe
[32 31 28 26 24] safe
[70 69 68 67 64 63 62] safe
[74 76 77 78 81 83] safe
[60 57 54 52 49 47 45] safe
[64 62 61 60 59] safe
[76 78 81 84 85] safe
[85 83 82 81 78 75] safe
[57 58 60 62 64 67 70] safe
[13 15 16 19 22 24] safe
[87 85 82 81 78 75 72] safe
[36 35 32 30 27 24 21 20] safe
[38 37 35 33 31 28] safe
[47 44 41 38 35 33 32] safe
[65 62 61 60 58 57 56] safe
[58 56 54 53 50 48 46 45] safe
[64 62 60 59 57] safe
[82 85 86 88 89 91 93] safe
[22 19 18 15 12 10 9] safe
[55 58 60 62 64 66] safe
[57 54 52 50 49 47] safe
[41 38 35 33 31 29 27] safe
[81 83 84 86 87] safe
[21 18 15 14 13] safe
[62 63 64 66 67] safe
[45 43 42 40 37 34] safe
[53 51 48 46 44 42 39] safe
[50 52 53 54 56 58 61] safe
[51 54 56 59 62 63] safe
[59 58 55 54 53 50 47 44] safe
[9 11 12 13 14 16 18 21] safe
[6 8 11 12 14 17] safe
[39 42 45 47 50 51 52 55] safe
[88 86 83 82 81 78] safe
[74 75 77 79 80 82 85 86] safe
[63 66 69 70 71 74 76 77] safe
[60 59 58 57 55 54] safe
[76 78 79 82 84] safe
[9 10 12 13 14] safe
[15 17 18 20 23 25 28 30] safe
[10 11 12 13 14] safe
[71 69 66 65 63] safe
[23 22 19 16 13 11] safe
[35 33 30 27 25] safe
[13 16 17 18 19 21 23] safe
[43 46 49 50 51] safe
[61 64 67 68 71 74 77] safe
[77 74 71 68 66 64] safe
[22 25 28 31 34 35 37] safe
[81 79 78 76 74] safe
[1 2 3 4 6 7 8 11] safe
[86 89 91 93 94] safe
[21 23 24 25 26 27 30] safe
[20 18 16 13 10 8] safe
[56 53 52 51 48 46 43] safe
[18 16 13 11 10] safe
[14 13 11 8 6] safe
[97 96 93 92 89 86 83] safe
[31 30 28 25 23 20 19 18] safe
[53 52 50 47 45 42 41 38] safe
[37 38 41 44 45 47 49] safe
[58 55 54 51 50 49 48 46] safe
[89 88 86 83 80 79] safe
[40 38 37 34 31] safe
[36 34 32 30 29] safe
[71 73 74 75 77 78] safe
[53 52 51 50 49 47] safe
[19 17 16 14 11 10 8 6] safe
[87 85 82 79 76 73 70] safe
[46 48 51 54 55] safe
[82 84 87 88 91 94 96 99] safe
[76 77 79 82 85 88 89] safe
[98 96 93 90 89 86 83] safe
[89 92 95 98 99] safe
[64 66 67 69 72] safe
[19 18 16 14 12 11 8 5] safe
[77 74 71 69 68 65 62] safe
[89 92 94 97 99] safe
[29 31 33 35 37] safe
[21 23 25 26 27 29 31 32] safe
[17 20 22 24 27 29 31] safe
[47 44 43 40 37 34] safe
[6 7 9 12 13] safe
[53 50 48 45 44 41 39] safe
[33 34 36 38 39 42 45] safe
[56 58 59 62 65 68 70] safe
[40 38 36 33 31] safe
[84 82 81 78 77 75 73] safe
[18 20 23 26 29 31 33 34] safe
[52 51 49 48 45 42 39 37] safe
[76 77 80 83 84 87 88 91] safe
[29 26 23 20 17 15 12] safe
[66 65 64 62 60 58] safe
[1 2 4 6 8 9] safe
[28 25 22 19 18 16 15] safe
[94 92 90 87 86 84] safe
[36 37 39 41 42 45 48] safe
[4 7 10 13 16 19 21 23] safe
[6 7 9 10 13] safe
[26 24 21 19 16 15] safe
[77 80 82 85 86 88] safe
[68 71 73 75 76] safe
[25 24 23 21 18 15 13] safe
[37 38 40 42 44 47 49] safe
[34 36 37 38 39] safe
[85 83 81 79 77 76] safe
[30 31 34 37 40 43 46 47] safe
[37 38 39 42 44] safe
[40 41 43 45 47 48 51] safe
[58 61 62 65 67 69 70] safe
[3 6 8 9 11 12] safe
[27 26 23 21 18] safe
[57 60 62 64 65] safe
[63 64 65 68 69 72 74 75] safe
[28 26 25 22 20 18 16 13] safe
[27 28 31 34 37 38] safe
[38 36 33 32 29 26 23] safe
[74 72 69 67 65 64 62] safe
[86 87 88 91 93 96] safe
[58 57 56 55 53 51] safe
[55 58 59 62 64 66 68 70] safe
[44 45 46 49 51] safe
[45 46 48 49 52 55 58 61] safe
[17 14 13 11 8] safe
[31 30 28 25 23 22] safe
[11 12 14 17 20] safe
[10 11 14 15 18 21 23 24] safe
[46 45 43 41 39 37] safe
[52 50 49 46 45 42] safe
[85 82 81 80 78 77] safe
[16 15 12 9 6 5 2] safe
[11 12 15 18 21 22] safe
[50 49 48 45 43 40] safe
[92 89 86 85 84] safe
[29 26 23 22 19] safe
[57 60 61 62 64 67 70 72] safe
[5 6 9 10 11] safe
[26 25 24 23 21 18 17 16] safe
[17 20 23 25 27 29 32 33] safe
[23 24 26 27 30 33 36] safe
[4 5 8 9 11 13 16] safe
[76 73 71 70 67 66 64 61] safe
[67 65 64 63 61] safe
[96 95 93 92 89] safe
[71 70 67 65 63 62 59 57] safe
[40 42 45 47 50 53 55] safe
[49 48 45 43 42 40 37] safe
[85 83 81 78 76 74] safe
[28 27 25 23 22 21] safe
[83 86 87 88 89 90 93] safe
[94 91 89 86 85 82] safe
[53 50 49 48 45 44] safe
[86 83 82 81 80 78 75 72] safe
[67 69 72 75 77] safe
[56 53 50 49 46 44] safe
[74 76 79 82 83 84 85] safe
[25 27 29 31 34] safe
[18 21 22 23 25 27 29] safe
[32 31 29 27 25] safe
[55 52 51 49 46 44] safe
[22 23 26 28 30 32] safe
[9 11 14 17 19 22 24 26] safe
[53 54 55 56 59] safe
[27 29 31 33 34] safe
[34 31 28 26 24 22] safe
[86 89 90 91 94 96] safe
[85 83 81 78 75 74 71 70] safe
[84 82 81 80 77 74] safe
[48 51 52 55 57 60] safe
[43 40 38 37 35 32 30] safe
[69 72 73 74 76 79 81 84] safe
[28 30 33 35 38 40] safe
[4 7 8 11 14 16 18 20] safe
[34 33 31 30 29 26 23 22] safe
[27 25 24 22 19 16 13 12] safe
[41 44 46 48 49 50 52 53] safe
[1 2 4 6 8 9 12 14] safe
[9 10 12 15 16 19] safe
[91 93 96 97 99] safe
[49 48 46 43 40] safe
[66 65 63 62 60 57 55] safe
[24 21 19 18 15 12] safe
[66 68 70 71 72 73 74 75] safe
[5 6 9 12 15 17] safe
[20 18 17 16 14] safe
[85 86 87 88 89 90 93 95] safe
[47 44 41 40 38 36 33] safe
[60 61 63 64 67 68] safe
[88 90 91 93 95 96] safe
[45 43 41 40 37] safe
[30 31 34 37 40] safe
[23 21 19 18 15] safe
[24 23 20 19 16 15 13 12] safe
[26 28 29 32 33 34 36] safe
[67 68 69 70 73] safe
[17 20 21 24 26 29 30] safe
[19 16 13 11 8 5 4] safe
[48 49 52 55 57 58 59] safe
[50 52 53 54 57 58] safe
[60 62 65 68 71 72 73 74] safe
[67 66 65 64 61 58 57 55] safe
[50 52 53 56 57 60 62 63] safe
[10 11 14 15 18 21] safe
[32 29 27 24 21 18 17 15] safe
[50 51 53 56 57 60] safe
[35 37 38 41 43 45] safe
[67 68 71 73 75 78 79 82] safe
[35 36 38 41 43] safe
[97 95 93 91 89 87 85] safe
[78 76 74 72 70 67 64 63] safe
[80 77 75 74 73] safe
[48 46 44 42 41] safe
[27 26 23 20 18] safe
[91 88 87 84 81] safe
[99 97 96 95 92 89 87] safe
[16 14 11 10 7 5] safe
[98 95 92 90 88 86] safe
[85 86 88 89 91 93 96 97] safe
[18 17 14 11 10] safe
[19 22 23 24 25 26 27 30] safe
[50 51 52 54 57 59 60] safe
[40 43 45 47 49 51 53] safe
[60 61 62 63 64 65 67] safe
[99 97 94 93 92 89 87 86] safe
[55 54 51 49 48] safe
[47 45 43 41 38] safe
[17 20 21 24 26 29 31] safe
[44 43 41 40 37 36 35 33] safe
[82 83 86 89 91] safe
[46 48 49 50 52 54] safe
[32 35 37 40 43] safe
[82 83 86 88 89] safe
[41 40 39 38 37] safe
[28 31 32 34 35 37 38] safe
[98 97 95 93 92 90 87] safe
[23 20 17 14 13 10 9] safe
[58 60 62 65 68 70 71 73] safe
[3 4 6 9 11] safe
[77 79 81 83 86 88 91] safe
[78 76 75 73 71] safe
[62 64 67 68 70 72] safe
[41 44 47 48 49 51] safe
[79 78 75 74 72 69] safe
[48 51 53 55 57 60 62] safe
[68 65 62 59 56 54 51 48] safe
[57 59 61 62 63 66 69 72] safe
[20 23 25 26 27 28 29] safe
[48 45 43 42 39 36 33 30] safe
[36 37 38 40 43 45 47] safe
[95 93 92 89 88] safe
[54 55 57 59 61 63 66 68] safe
[14 15 17 20 21] safe
[7 9 12 13 16 18] safe
[94 91 90 89 88 87 85 83] safe
[47 44 42 39 36 34 31] safe
[28 31 34 37 38 39] safe
[54 56 58 59 60 62] safe
[89 88 87 84 82 80 79 76] safe
[78 80 83 84 87 88] safe
[21 22 23 24 27 30 32] safe
[16 15 12 10 7 5] safe
[27 29 32 34 35 36 38] safe
[58 57 55 54 52 50 49 46] safe
[47 44 41 40 37] safe
[17 16 15 14 11 10] safe
[53 51 50 47 45 43] safe
[18 16 15 13 10 8 5 3] safe
[38 36 35 32 31 30] safe
[75 76 79 81 84 87 90 93] safe
[79 81 84 85 87] safe
[31 28 25 24 22 20 17] safe
[42 44 45 46 47 49 51] safe
[51 53 54 57 58 59] safe
[92 89 87 85 83] safe
[31 34 35 38 40 42] safe
[23 21 20 19 17] safe
[52 51 50 49 46 43 41] safe
[69 66 64 63 62] safe
[87 85 82 81 79] safe
[40 43 46 48 49 50] safe
[10 11 12 15 16] safe
[15 18 20 22 24 27 28] safe
[51 53 56 58 60 63 66] safe
[3 5 8 9 11 13] safe
[89 88 86 85 83 81 79 77] safe
[63 65 68 70 73 76 78 79] safe
[14 15 16 19 22 23 24 25] safe
[73 71 70 67 65 62 59 58] safe
[52 49 46 43 41] safe
[5 7 9 11 14 17 18] safe
[52 49 46 44 43] safe
[50 52 55 58 59] safe
[24 26 27 30 31] safe
[18 21 23 26 27] safe
[18 15 13 10 8 7 4] safe
[97 96 93 90 88 87] safe
[91 90 89 87 84 83 81] safe
[80 82 84 87 89 92] safe
[33 35 36 37 40] safe
[28 31 34 35 37 38 41] safe
[20 22 24 27 30 33 34 35] safe
[26 28 30 33 36 37 38] safe
[60 61 64 67 70] safe
[93 90 87 85 82 79 77] safe
[92 89 87 86 85] safe
[94 92 89 88 87] safe
[82 83 84 87 88 90 92] safe
[64 63 60 57 56 55 53] safe
[81 79 78 75 72 70] safe
[86 84 82 79 78 75] safe
[77 75 72 70 67] safe
[73 71 69 67 65 62 61 60] safe
[68 65 62 59 58 55 53] safe
[31 34 36 38 40 43 46] safe
[59 56 53 50 48 46 45] safe
[42 44 45 47 50] safe
[53 51 50 49 48 45 42] safe
[48 45 43 40 38 35 33 30] safe
[56 59 60 62 63] safe
[56 54 52 51 48 46 44] safe
[58 56 53 52 51 49] safe
[67 69 70 72 73 74 75] safe
[85 86 88 89 91 92] safe
[97 94 91 88 85 83 81] safe
[3 5 6 8 10 12] safe
[30 28 26 25 24 21 19] safe
[57 56 55 54 53] safe
[39 41 43 46 48 51 54 56] safe
[91 93 95 96 97 98] safe
[42 40 38 36 34] safe
[76 78 80 83 86 87 88 90] safe
[31 34 35 36 38 40] safe
[15 17 20 22 23 24] safe
[85 82 79 76 75 74] safe
[68 65 64 63 61] safe
[24 27 28 29 31 34 36] safe
[43 42 39 36 34 31 29] safe
[80 81 83 85 87 89] safe
[41 40 38 36 33] safe
[14 15 17 18 21 23 26 29] safe
[36 39 40 41 43 46] safe
[97 94 92 89 88 85 83] safe
[30 31 34 35 37] safe
[99 98 96 94 91 88 85] safe
[25 26 27 28 29] safe
[13 10 8 5 4] safe
[28 31 34 37 39 40 41] safe
[62 59 58 57 56 55 52] safe
[63 64 66 69 71 74 75] safe
[81 82 85 86 88] safe
[22 24 27 28 29 31 34] safe
[94 93 90 88 87 86 85 83] safe
[67 66 64 61 59] safe
[70 71 73 76 77] safe
[81 83 85 86 88 90 91] safe
[3 6 7 8 9] safe
[53 56 57 59 62 64 65] safe
[31 28 25 23 22 21] safe
[46 47 48 49 52 55 56 58] safe
[86 89 92 93 94 95 96] safe
[78 77 76 73 72 70 68 66] safe
[88 87 86 85 84 81 78] safe
[77 75 72 69 68 65] safe
[87 88 91 92 93 94 97 99] safe
[30 27 26 23 20] safe
[71 73 75 76 77 79 80 82] safe
[61 64 67 70 71 73 76 77] safe
[53 56 58 61 62] safe
[34 32 31 28 27 26 25 22] safe
[32 34 37 40 43 44 45] safe
[44 41 38 37 34] safe
[36 35 33 31 30 27 25 23] safe
[90 87 86 84 82] safe
[31 30 27 24 22 20 18] safe
[61 59 56 53 50 47 46 43] safe
[65 63 61 59 58 57 54 51] safe
[31 29 26 23 20 18 16 14] safe
[50 52 54 55 57] safe
[30 29 28 27 26 23 22] safe
[18 21 24 27 30 32] safe
[24 21 18 15 14 12 9] safe
[37 35 34 31 30 28 25 24] safe
[17 16 14 11 10 8] safe
[39 42 43 46 48] safe
[71 73 74 76 79 80 82 83] safe
[91 88 86 85 82 80 79] safe
[34 35 37 39 42 45 47 50] safe
[32 30 28 26 23 20] safe
[26 25 23 22 19] safe
[39 38 37 34 33 31 29 28] safe
[20 23 24 27 30] safe
[14 12 10 7 5 4 2] safe
[44 43 41 39 36 34 33] safe
[82 81 79 78 76 74] safe
[67 65 63 60 57 56 54 53] safe
[54 56 57 58 59] safe
[35 34 33 31 30 27 25 24] safe
[96 93 90 87 86] safe
[87 85 84 81 80 79 78] safe
[85 82 80 78 77 74 72 71] safe
[94 91 90 87 86 85 83 80] safe
[52 53 55 58 61] safe
[56 58 61 64 67 68 69] safe
[34 35 38 41 43 45 47] safe
[1 3 5 6 7 10 13 16] safe
[62 64 67 68 69 72] safe
[14 15 16 18 21 23 26] safe
[39 37 35 34 33 30] safe
[34 31 30 29 28] safe
[12 15 18 21 23 26 28] safe
[21 20 17 15 13] safe
[87 88 90 93 95] safe
[2 3 4 7 9 10] safe
[43 46 49 52 55 56 57 58] safe
[41 44 47 48 50 53] safe
[33 31 28 27 24 22 19] safe
[36 35 32 31 28] safe
[93 91 90 89 86 85 82 80] safe27 24 22 19] safe
[36 35 32 31 28] safe
[93 91 90 89 86 85 82 80] safe6 93 90 87 86] unsafe
[87 85 84 81 80 79 78] unsafe
[85 82 80 78 77 74 72 71] unsafe
[94 91 90 87 86 85 83 80] unsafe
[52 53 55 58 61] safe
[56 58 61 64 67 68 69] safe
[34 35 38 41 43 45 47] safe
[1 3 5 6 7 10 13 16] safe
[62 64 67 68 69 72] safe
[14 15 16 18 21 23 26] safe
[39 37 35 34 33 30] unsafe
[34 31 30 29 28] unsafe
[12 15 18 21 23 26 28] safe
[21 20 17 15 13] unsafe
[87 88 90 93 95] safe
[2 3 4 7 9 10] safe
[43 46 49 52 55 56 57 58] safe
[41 44 47 48 50 53] safe
[33 31 28 27 24 22 19] unsafe
[36 35 32 31 28] unsafe
[93 91 90 89 86 85 82 80] unsafesafe
[82 81 79 78 76 74] unsafe
[67 65 63 60 57 56 54 53] unsafe
[54 56 57 58 59] unsafe
[35 34 33 31 30 27 25 24] unsafe
[96 93 90 87 86] unsafe
[87 85 84 81 80 79 78] unsafe
[85 82 80 78 77 74 72 71] unsafe
[94 91 90 87 86 85 83 80] unsafe
[52 53 55 58 61] unsafe
[56 58 61 64 67 68 69] unsafe
[34 35 38 41 43 45 47] unsafe
[1 3 5 6 7 10 13 16] unsafe
[62 64 67 68 69 72] unsafe
[14 15 16 18 21 23 26] unsafe
[39 37 35 34 33 30] unsafe
[34 31 30 29 28] unsafe
[12 15 18 21 23 26 28] unsafe
[21 20 17 15 13] unsafe
[87 88 90 93 95] unsafe
[2 3 4 7 9 10] unsafe
[43 46 49 52 55 56 57 58] unsafe
[41 44 47 48 50 53] unsafe
[33 31 28 27 24 22 19] unsafe
[36 35 32 31 28] unsafe
[93 91 90 89 86 85 82 80] unsafe] unsafe